-61.041 -41.811 0
-65.737 -33.026 0
-66.966 -24.042 0
-65.747 -16.562 0
-62.269 -9.919 0
-57.777 -5.282 0
-50.797 -1.516 0
-8.226 18.818 0
-7.790 19.027 0
-7.590 19.413 0
-1.264 30.999 0
5.418 40.697 0
7.063 41.453 0
7.900 41.464 0
8.412 41.390 0
10.037 40.755 0
11.127 39.766 0
11.913 38.651 0
12.678 36.762 0
13.105 34.327 0
13.181 32.048 0
13.110 30.325 0
12.931 28.241 0
12.683 26.063 0
12.323 22.811 0
12.293 22.193 0
12.335 21.714 0
12.467 21.324 0
12.687 21.036 0
13.062 20.804 0
13.624 20.638 0
14.067 20.638 0
14.625 20.659 0
15.402 20.862 0
16.516 20.972 0
19.670 21.628 0
23.616 22.250 0
27.897 22.552 0
32.440 22.088 0
36.345 20.698 0
39.519 18.420 0
41.675 15.715 0
43.051 12.853 0
43.979 9.270 0
44.307 5.073 0
44.119 1.124 0
43.196 -3.199 0
41.536 -6.312 0
38.483 -8.994 0
34.603 -10.656 0
30.037 -11.656 0
22.820 -11.837 0
15.563 -12.112 0
13.428 -12.369 0
11.303 -12.941 0
8.744 -13.976 0
5.869 -15.501 0
1.397 -18.448 0
-7.099 -25.194 0
-16.954 -33.536 0
-26.213 -40.611 0
-33.632 -44.986 0
-43.115 -47.892 0
-52.271 -47.260 0
-61.041 -41.811 0
-59.041 -40.811 0