-28.466 -11.306 0
-34.047 -11.240 0
-39.362 -10.758 0
-42.695 -10.247 0
-48.308 -9.024 0
-51.963 -7.981 0
-56.058 -6.580 0
-59.635 -5.154 0
-64.446 -2.935 0
-67.207 -1.504 0
-68.872 -0.585 0
-70.404 1.701 0
-70.105 2.851 0
-69.928 2.358 0
-69.722 3.794 0
-69.560 3.356 0
-68.401 6.396 0
-67.172 9.528 0
-65.525 11.960 0
-63.278 16.192 0
-61.176 19.713 0
-58.817 23.256 0
-56.062 26.943 0
-52.411 31.222 0
-49.304 34.413 0
-45.145 38.150 0
-40.796 41.509 0
-36.683 44.250 0
-33.406 46.170 0
-29.314 48.278 0
-26.469 49.572 0
-24.936 50.215 0
-23.180 50.909 0
-22.456 50.550 0
-21.663 50.147 0
-20.755 49.671 0
-19.293 48.872 0
-17.915 48.078 0
-15.736 46.734 0
-13.168 44.990 0
-10.284 42.782 0
-7.853 40.668 0
-5.568 38.418 0
-3.268 35.831 0
-1.345 33.355 0
0.704 30.318 0
2.182 27.806 0
3.868 24.528 0
5.297 21.328 0
6.961 17.006 0
7.784 14.599 0
8.165 13.421 0
8.528 12.260 0
9.605 12.768 0
11.329 13.529 0
13.498 14.400 0
15.696 15.187 0
18.233 15.979 0
21.567 16.834 0
25.441 17.562 0
28.623 17.940 0
32.212 18.105 0
35.266 17.993 0
37.355 17.752 0
39.379 17.354 0
40.621 17.004 0
41.693 16.614 0
42.838 16.071 0
43.783 15.472 0
44.422 14.933 0
45.042 14.203 0
45.486 13.328 0
45.684 12.510 0
45.729 11.106 0
45.506 9.625 0
45.050 8.035 0
44.444 6.489 0
43.102 3.816 0
41.430 1.098 0
40.012 -0.927 0
37.645 -3.953 0
35.196 -6.758 0
32.071 -9.981 0
28.986 -12.848 0
25.521 -15.746 0
22.116 -18.289 0
18.356 -20.758 0
13.998 -23.166 0
9.143 -25.233 0
5.969 -26.193 0
1.463 -26.930 0
-2.571 -26.827 0
-5.583 -26.152 0
-8.164 -25.021 0
-10.346 -23.460 0
-12.310 -21.210 0
-13.795 -18.274 0
-14.595 -15.093 0
-14.830 -12.396 0
-14.828 -11.047 0
-14.746 -9.526 0
-15.452 -9.686 0
-17.563 -10.120 0
-20.307 -10.584 0
-23.800 -11.013 0
-28.466 -11.306 0