-26.571 -56.359 0
-80.500 -58.387 0
-90.367 -58.963 0
-95.872 -57.789 0
-101.889 -55.101 0
-106.581 -51.664 0
-109.836 -48.224 0
-112.901 -43.543 0
-114.447 -40.052 0
-115.482 -36.574 0
-116.080 -32.747 0
-115.954 -27.191 0
-114.988 -22.659 0
-113.484 -18.721 0
-111.534 -15.177 0
-108.686 -11.397 0
-105.420 -8.202 0
-102.707 -6.175 0
-98.924 -4.083 0
-94.380 -2.537 0
-90.483 -1.872 0
-86.644 -1.348 0
-82.674 -0.632 0
-78.912 0.433 0
-73.849 2.955 0
-70.396 5.983 0
-67.902 9.488 0
-65.351 15.910 0
-64.552 19.710 0
-64.002 24.869 0
-63.891 29.038 0
-64.049 33.889 0
-64.123 36.513 0
-64.029 38.974 0
-63.305 43.820 0
-61.997 47.936 0
-60.011 51.779 0
-57.452 55.117 0
-54.306 58.010 0
-51.517 59.910 0
-47.714 61.833 0
-44.847 62.904 0
-37.894 64.404 0
-34.989 64.513 0
-32.074 64.320 0
-27.610 63.441 0
-23.956 62.177 0
-20.954 60.737 0
-17.328 58.434 0
-13.788 55.410 0
-10.169 52.162 0
-6.140 49.417 0
-2.255 47.673 0
2.500 46.737 0
6.605 46.958 0
12.829 49.021 0
18.006 52.236 0
21.421 55.059 0
24.914 58.498 0
29.508 62.245 0
33.667 64.389 0
38.539 65.957 0
46.159 66.887 0
52.955 66.184 0
61.160 62.881 0
67.377 57.564 0
72.727 48.211 0
74.594 40.074 0
74.755 31.405 0
75.431 24.516 0
78.233 17.464 0
84.786 11.098 0
93.477 8.168 0
101.810 5.963 0
109.230 1.537 0
112.675 -1.894 0
116.538 -7.977 0
118.681 -14.219 0
119.370 -22.837 0
116.459 -33.632 0
109.321 -42.884 0
103.477 -46.802 0
96.871 -49.197 0
91.938 -49.876 0
-26.571 -56.359 0